A = [10 20; 30 40]
x = 10
C = A*x
D = A/x
